2 1
3 1
4 1
5 1
6 1
6 2
6 3
6 4
6 5
6 6
6 7
6 8
6 9
6 10
5 10
4 10
3 10
4 10
5 10
6 10
6 9
6 8
6 7
6 6
6 5
6 4
6 3
6 2
6 1
6 2
6 3
6 4
6 5
6 6
6 7
6 8
6 9
6 10
7 10
8 10
7 10
6 10
6 9
6 8
6 7
6 6
6 5
6 4
6 3
6 2
6 1
6 2
6 3
6 4
6 5
6 6
6 7
6 8
7 8
8 8
9 8
8 8
7 8
6 8
6 7
6 6
6 5
6 4
6 3
6 2
6 1
7 1
8 1
9 1
10 1
11 1
12 1
13 1
12 1
11 1
10 1
9 1
8 1
7 1
6 1
6 2
6 3
6 4
7 4
8 4
9 4
10 4
11 4
12 4
13 4
14 4
15 4
15 5
15 6
16 6
17 6
18 6
19 6
20 6
21 6
22 6
23 6
23 5
23 4
23 3
23 2
23 3
23 4
23 5
23 6
22 6
21 6
20 6
19 6
18 6
17 6
16 6
15 6
15 7
15 8
15 9
15 10
15 11
15 12
14 12
13 12
13 13
12 13
11 13
11 14
11 15
11 16
11 17
10 17
10 18
10 19
10 20
10 21
9 21
9 22
9 21
10 21
10 20
10 19
11 19
12 19
12 20
13 20
14 20
15 20
16 20
16 19
16 20
15 20
14 20
13 20
12 20
12 19
11 19
10 19
10 20
10 21
9 21
9 22
9 21
10 21
10 20
10 19
10 18
10 17
11 17
11 16
11 15
11 14
11 13
10 13
11 13
11 14
11 15
11 16
11 17
10 17
10 18
10 19
10 20
10 21
9 21
9 22
9 23
9 24
8 24
8 25
8 26
7 26
6 26
5 26
4 26
3 26
2 26
3 26
4 26
4 27
4 28
4 29
4 30
4 31
4 32
4 33
4 34
4 35
5 35
6 35
6 36
6 37
6 38
6 39
6 40
6 39
6 38
6 37
6 36
6 35
7 35
8 35
9 35
10 35
11 35
12 35
13 35
14 35
15 35
16 35
17 35
17 34
18 34
18 33
18 32
18 31
18 30
18 29
18 30
18 31
18 32
18 33
18 34
17 34
17 35
16 35
16 36
16 37
16 38
16 39
16 40
16 41
16 42
16 43
16 44
16 45
16 46
16 47
15 47
14 47
13 47
12 47
11 47
10 47
9 47
8 47
7 47
6 47
6 48
6 49
6 50
6 51
7 51
8 51
9 51
10 51
11 51
12 51
13 51
12 51
11 51
10 51
9 51
8 51
7 51
6 51
6 50
6 49
6 48
6 47
6 48
6 49
5 49
4 49
3 49
2 49
3 49
4 49
5 49
6 49
6 48
6 47
6 48
6 49
6 50
6 51
6 52
6 53
6 54
6 55
6 56
6 57
6 58
6 59
6 60
7 60
8 60
7 60
6 60
6 59
6 58
6 57
6 56
6 55
6 54
6 53
6 52
6 51
6 52
6 53
6 54
6 55
6 56
6 57
6 58
7 58
8 58
9 58
8 58
7 58
6 58
6 57
6 56
6 55
6 54
6 53
6 52
6 51
7 51
8 51
9 51
10 51
11 51
12 51
13 51
13 50
13 49
13 48
13 47
13 46
14 46
15 46
16 46
17 46
17 45
17 44
17 43
17 42
17 41
17 42
17 43
17 44
17 45
17 46
16 46
15 46
14 46
13 46
14 46
15 46
16 46
17 46
18 46
19 46
18 46
17 46
16 46
15 46
14 46
13 46
13 47
13 48
13 49
13 50
13 51
13 52
13 53
13 54
14 54
15 54
15 55
15 56
16 56
17 56
18 56
19 56
20 56
21 56
22 56
23 56
23 55
23 54
23 53
23 52
23 53
23 54
23 55
23 56
22 56
21 56
20 56
19 56
18 56
17 56
16 56
15 56
15 57
15 58
15 59
15 60
15 61
15 62
14 62
13 62
13 63
12 63
11 63
11 64
11 65
11 66
11 67
10 67
10 68
10 69
10 70
10 71
9 71
9 72
9 71
10 71
10 70
10 69
11 69
12 69
12 70
13 70
14 70
15 70
16 70
16 69
16 70
15 70
14 70
13 70
12 70
12 69
11 69
10 69
10 70
10 71
9 71
9 72
9 73
9 74
8 74
8 75
8 76
7 76
6 76
5 76
4 76
3 76
2 76
3 76
4 76
4 77
4 78
4 79
4 80
4 81
4 82
4 83
4 84
4 85
5 85
6 85
6 86
6 87
6 88
6 89
6 90
6 89
6 88
6 87
6 86
6 85
7 85
8 85
9 85
10 85
11 85
12 85
13 85
14 85
15 85
16 85
17 85
17 84
18 84
18 83
18 82
18 81
18 80
18 79
18 80
18 81
18 82
18 83
18 84
17 84
17 85
16 85
16 86
16 87
16 88
16 89
16 90
16 91
16 92
16 93
16 94
16 95
16 96
16 97
15 97
14 97
13 97
12 97
11 97
10 97
9 97
8 97
7 97
6 97
6 98
6 99
5 99
4 99
3 99
2 99
3 99
4 99
5 99
6 99
6 98
6 97
7 97
8 97
9 97
10 97
11 97
12 97
13 97
13 96
14 96
15 96
16 96
17 96
17 95
17 94
17 93
17 92
17 91
17 92
17 93
17 94
17 95
17 96
16 96
15 96
14 96
13 96
14 96
15 96
16 96
17 96
18 96
19 96
18 96
17 96
16 96
15 96
14 96
13 96
13 97
13 98
14 98
15 98
16 98
17 98
18 98
19 98
20 98
21 98
22 98
23 98
24 98
25 98
25 97
25 96
25 95
26 95
27 95
27 96
27 95
26 95
26 94
26 93
26 92
26 91
26 90
26 89
26 88
26 87
26 86
25 86
24 86
23 86
23 85
23 84
23 85
23 86
23 87
23 88
23 89
23 90
22 90
22 91
22 92
22 93
23 93
24 93
23 93
22 93
22 92
22 91
22 90
23 90
23 89
23 88
23 87
23 86
23 85
23 84
24 84
25 84
26 84
27 84
28 84
28 83
28 82
28 83
28 84
27 84
26 84
25 84
24 84
23 84
22 84
21 84
21 83
21 82
20 82
19 82
19 81
19 80
19 79
19 78
19 77
19 76
19 77
20 77
21 77
22 77
21 77
20 77
19 77
19 76
18 76
18 75
18 74
18 73
18 72
18 71
18 70
17 70
16 70
16 69
16 68
16 67
15 67
15 66
14 66
13 66
13 65
13 64
13 63
13 62
14 62
15 62
16 62
17 62
18 62
19 62
20 62
21 62
22 62
22 63
23 63
24 63
25 63
26 63
25 63
24 63
23 63
23 64
23 65
23 66
23 67
24 67
25 67
24 67
23 67
23 66
23 65
23 64
23 63
24 63
25 63
26 63
26 62
26 61
26 60
26 59
26 58
26 57
26 56
27 56
28 56
29 56
29 55
29 54
29 53
29 52
29 53
29 54
29 55
29 56
28 56
27 56
26 56
26 55
26 54
26 53
25 53
26 53
26 54
26 55
26 56
27 56
28 56
28 55
28 54
28 53
28 52
28 51
28 50
28 49
28 48
28 47
27 47
27 46
27 45
26 45
26 44
26 43
26 42
26 41
26 40
26 39
26 38
26 37
26 36
25 36
24 36
23 36
23 35
22 35
21 35
21 34
21 33
21 32
20 32
19 32
19 31
19 30
19 29
19 28
19 27
19 26
19 27
20 27
21 27
22 27
21 27
20 27
19 27
19 26
18 26
18 25
18 24
18 23
18 22
18 21
18 20
17 20
16 20
16 19
16 18
16 17
15 17
15 16
14 16
13 16
13 15
13 14
13 13
13 12
14 12
15 12
16 12
17 12
18 12
19 12
20 12
21 12
22 12
22 13
23 13
24 13
25 13
26 13
25 13
24 13
23 13
23 14
23 15
23 16
23 17
24 17
25 17
24 17
23 17
23 16
23 15
23 14
23 13
24 13
25 13
26 13
26 12
26 11
26 10
26 9
26 8
26 7
26 6
27 6
28 6
29 6
29 5
29 4
29 3
29 2
29 3
29 4
29 5
29 6
28 6
27 6
26 6
26 5
26 4
26 3
25 3
26 3
26 4
26 5
26 6
27 6
28 6
29 6
30 6
31 6
32 6
33 6
34 6
35 6
35 7
35 8
35 9
35 10
35 11
36 11
36 12
36 13
36 14
36 15
36 16
36 17
36 16
36 15
37 15
38 15
39 15
39 16
40 16
40 17
40 16
39 16
39 15
38 15
37 15
36 15
36 16
36 17
36 18
36 19
36 20
36 21
36 22
36 23
36 24
36 25
36 26
37 26
38 26
38 25
39 25
40 25
41 25
42 25
42 24
42 23
42 22
42 21
42 22
42 23
42 24
42 25
41 25
40 25
39 25
38 25
38 26
37 26
36 26
36 27
36 28
36 29
35 29
35 30
35 31
35 32
34 32
33 32
33 31
32 31
31 31
31 32
30 32
30 33
29 33
29 34
28 34
27 34
26 34
25 34
24 34
23 34
23 35
23 36
23 37
23 38
23 39
23 40
22 40
22 41
22 42
22 43
23 43
24 43
23 43
22 43
22 42
22 41
22 40
23 40
23 39
23 38
23 37
23 36
23 35
23 34
24 34
25 34
26 34
27 34
28 34
28 33
28 32
28 33
28 34
27 34
26 34
25 34
24 34
23 34
23 35
23 36
24 36
25 36
26 36
26 37
26 38
26 39
26 40
26 41
26 42
26 43
26 44
26 45
27 45
27 46
27 45
27 44
27 43
27 42
27 41
28 41
29 41
30 41
31 41
32 41
33 41
34 41
35 41
36 41
37 41
37 42
37 43
37 42
37 41
38 41
39 41
40 41
41 41
41 42
41 43
41 44
40 44
39 44
40 44
41 44
41 43
41 42
41 41
40 41
39 41
38 41
37 41
37 42
37 43
37 42
37 41
38 41
38 40
38 39
37 39
37 38
37 37
36 37
36 36
36 37
37 37
37 38
37 39
38 39
38 40
38 41
39 41
40 41
41 41
41 42
42 42
43 42
44 42
44 43
45 43
46 43
46 44
47 44
47 45
47 46
47 47
47 48
48 48
48 49
49 49
50 49
51 49
52 49
51 49
50 49
49 49
48 49
48 48
47 48
47 47
47 46
47 45
47 44
46 44
47 44
47 45
47 46
47 47
47 48
48 48
48 49
48 50
48 51
47 51
48 51
48 50
48 49
48 48
47 48
47 47
47 46
47 45
47 44
46 44
46 43
45 43
45 42
45 41
46 41
47 41
47 40
48 40
48 39
47 39
47 38
46 38
46 37
46 36
46 35
47 35
48 35
48 34
48 33
47 33
47 32
46 32
46 31
46 30
46 29
46 28
46 27
45 27
45 26
45 27
46 27
46 28
46 29
46 30
46 31
46 32
47 32
47 33
48 33
48 34
49 34
48 34
48 33
47 33
47 32
46 32
46 31
46 30
46 29
46 28
46 27
45 27
45 26
46 26
46 25
46 24
47 24
48 24
49 24
50 24
50 23
50 22
50 21
50 20
51 20
50 20
50 21
50 22
50 23
50 24
49 24
48 24
47 24
46 24
46 25
46 26
45 26
45 27
46 27
46 28
46 29
46 30
47 30
48 30
49 30
48 30
47 30
46 30
46 29
46 28
46 27
45 27
45 26
46 26
46 25
46 24
46 23
46 22
46 21
46 20
46 19
46 18
46 17
46 16
47 16
47 15
47 14
47 13
47 12
47 11
47 10
47 9
47 8
47 7
47 6
47 5
47 4
47 3
47 2
47 1
47 2
47 3
47 4
47 5
47 6
47 7
48 7
49 7
50 7
51 7
52 7
53 7
54 7
55 7
56 7
56 6
56 5
56 4
56 3
56 2
56 1
56 2
56 3
56 4
56 5
56 6
56 7
56 8
56 9
56 10
57 10
58 10
57 10
56 10
56 9
56 8
56 7
56 6
56 5
56 4
56 3
56 2
56 1
56 2
56 3
56 4
56 5
56 6
56 7
56 8
57 8
58 8
59 8
58 8
57 8
56 8
56 7
56 6
56 5
56 4
56 3
56 2
56 1
57 1
58 1
59 1
60 1
61 1
62 1
63 1
62 1
61 1
60 1
59 1
58 1
57 1
56 1
56 2
56 3
56 4
57 4
58 4
59 4
60 4
61 4
62 4
63 4
64 4
65 4
65 5
65 6
66 6
67 6
68 6
69 6
70 6
71 6
72 6
73 6
73 5
73 4
73 3
73 2
73 3
73 4
73 5
73 6
72 6
71 6
70 6
69 6
68 6
67 6
66 6
65 6
65 7
65 8
65 9
65 10
65 11
65 12
64 12
63 12
63 13
62 13
61 13
61 14
61 15
61 16
61 17
60 17
60 18
60 19
60 20
60 21
59 21
59 22
59 21
60 21
60 20
60 19
61 19
62 19
62 20
63 20
64 20
65 20
66 20
66 19
66 20
65 20
64 20
63 20
62 20
62 19
61 19
60 19
60 20
60 21
59 21
59 22
59 23
59 24
58 24
58 25
58 26
57 26
56 26
55 26
54 26
53 26
52 26
53 26
54 26
54 27
54 28
54 29
54 30
54 31
54 32
54 33
54 34
54 35
55 35
56 35
56 36
56 37
56 38
56 39
56 40
56 39
56 38
56 37
56 36
56 35
57 35
58 35
59 35
60 35
61 35
62 35
63 35
64 35
65 35
66 35
67 35
67 34
68 34
68 33
68 32
68 31
68 30
68 29
68 30
68 31
68 32
68 33
68 34
67 34
67 35
66 35
66 36
66 37
66 38
66 39
66 40
66 41
66 42
66 43
66 44
66 45
66 46
66 47
65 47
64 47
63 47
62 47
61 47
60 47
59 47
58 47
57 47
56 47
56 48
56 49
56 50
56 51
57 51
58 51
59 51
60 51
61 51
62 51
63 51
62 51
61 51
60 51
59 51
58 51
57 51
56 51
56 50
56 49
56 48
56 47
56 48
56 49
56 50
56 51
56 52
56 53
56 54
56 55
56 56
56 57
55 57
54 57
53 57
52 57
51 57
50 57
49 57
48 57
47 57
47 56
47 55
46 55
45 55
44 55
43 55
42 55
41 55
40 55
39 55
38 55
38 56
37 56
36 56
35 56
35 57
35 58
35 59
35 60
35 61
36 61
36 62
36 63
36 64
36 65
36 66
36 67
36 66
36 65
37 65
38 65
39 65
39 66
40 66
40 67
40 66
39 66
39 65
38 65
37 65
36 65
36 66
36 67
36 68
36 69
36 70
36 71
36 72
36 73
36 74
36 75
36 76
37 76
38 76
38 75
39 75
40 75
41 75
42 75
42 74
42 73
42 72
42 71
42 72
42 73
42 74
42 75
41 75
40 75
39 75
38 75
38 76
37 76
36 76
36 77
36 78
36 79
35 79
35 80
35 81
35 82
34 82
33 82
33 81
32 81
31 81
31 82
30 82
30 83
29 83
29 84
28 84
28 85
28 86
27 86
26 86
25 86
26 86
27 86
28 86
29 86
30 86
30 87
31 87
32 87
33 87
34 87
35 87
36 87
36 86
36 87
37 87
37 88
37 89
37 88
37 87
36 87
36 86
36 87
37 87
37 88
37 89
38 89
38 90
38 91
37 91
37 92
37 93
37 92
37 91
38 91
39 91
40 91
41 91
41 92
41 93
41 94
40 94
39 94
40 94
41 94
41 93
41 92
41 91
40 91
39 91
38 91
37 91
37 92
37 93
37 92
37 91
38 91
39 91
40 91
41 91
41 92
42 92
43 92
44 92
44 93
45 93
46 93
46 94
47 94
47 95
47 96
47 97
47 98
48 98
48 99
49 99
50 99
51 99
52 99
51 99
50 99
49 99
48 99
48 98
47 98
47 97
47 96
47 95
47 94
46 94
46 93
45 93
45 92
45 91
46 91
47 91
47 90
48 90
48 89
47 89
47 88
46 88
46 87
46 86
46 85
47 85
48 85
48 84
48 83
47 83
47 82
46 82
46 81
46 80
46 79
46 78
46 77
45 77
45 76
45 77
46 77
46 78
46 79
46 80
46 81
46 82
47 82
47 83
48 83
48 84
49 84
48 84
48 83
47 83
47 82
46 82
46 81
46 80
46 79
46 78
46 77
45 77
45 76
46 76
46 75
46 74
47 74
48 74
49 74
50 74
50 73
50 72
50 71
50 70
51 70
50 70
50 71
50 72
50 73
50 74
49 74
48 74
47 74
46 74
46 75
46 76
45 76
45 77
46 77
46 78
46 79
46 80
47 80
48 80
49 80
48 80
47 80
46 80
46 79
46 78
46 77
45 77
45 76
46 76
46 75
46 74
46 73
46 72
46 71
46 70
46 69
46 68
46 67
46 66
46 67
46 68
46 69
46 70
46 71
46 72
46 73
46 74
47 74
48 74
49 74
49 75
49 76
50 76
51 76
52 76
53 76
54 76
55 76
56 76
57 76
58 76
58 75
58 74
59 74
59 73
59 72
59 71
60 71
60 70
60 69
61 69
62 69
62 70
63 70
64 70
65 70
66 70
66 69
66 70
65 70
64 70
63 70
62 70
62 69
61 69
60 69
60 70
60 71
59 71
59 72
59 73
59 74
58 74
58 75
58 76
58 77
58 78
58 79
58 80
58 81
58 82
58 83
58 84
58 85
57 85
56 85
56 86
56 87
56 88
56 89
56 90
56 89
56 88
56 87
56 86
56 85
57 85
58 85
59 85
60 85
61 85
62 85
63 85
64 85
65 85
66 85
67 85
67 84
68 84
68 83
68 82
68 81
68 80
68 79
68 80
68 81
68 82
68 83
68 84
67 84
67 85
66 85
66 86
66 87
66 88
66 89
66 90
66 91
66 92
66 93
66 94
66 95
66 96
66 97
65 97
64 97
63 97
62 97
61 97
60 97
59 97
58 97
57 97
56 97
57 97
58 97
59 97
60 97
61 97
62 97
63 97
63 96
64 96
65 96
66 96
67 96
67 95
67 94
67 93
67 92
67 91
67 92
67 93
67 94
67 95
67 96
66 96
65 96
64 96
63 96
64 96
65 96
66 96
67 96
68 96
69 96
68 96
67 96
66 96
65 96
64 96
63 96
63 97
63 98
64 98
65 98
66 98
67 98
68 98
69 98
70 98
71 98
72 98
73 98
74 98
75 98
75 97
75 96
75 95
76 95
77 95
77 96
77 95
76 95
76 94
76 93
76 92
76 91
76 90
76 89
76 88
76 87
76 86
75 86
74 86
73 86
73 85
73 84
73 85
73 86
73 87
73 88
73 89
73 90
72 90
72 91
72 92
72 93
73 93
74 93
73 93
72 93
72 92
72 91
72 90
73 90
73 89
73 88
73 87
73 86
73 85
73 84
74 84
75 84
76 84
77 84
78 84
78 83
78 82
78 83
78 84
77 84
76 84
75 84
74 84
73 84
72 84
71 84
71 83
71 82
70 82
69 82
69 81
69 80
69 79
69 78
69 77
69 76
69 77
70 77
71 77
72 77
71 77
70 77
69 77
69 76
68 76
68 75
68 74
68 73
68 72
68 71
68 70
67 70
66 70
66 69
66 68
66 67
65 67
65 66
64 66
63 66
63 65
63 64
63 63
62 63
61 63
60 63
60 62
60 61
59 61
58 61
57 61
56 61
56 60
56 59
56 58
56 57
56 56
56 55
56 54
56 53
56 52
56 51
56 52
56 53
56 54
56 55
56 56
56 57
56 58
56 59
56 60
57 60
58 60
57 60
56 60
56 59
56 58
56 57
56 56
56 55
56 54
56 53
56 52
56 51
56 52
56 53
56 54
56 55
56 56
56 57
56 58
57 58
58 58
59 58
58 58
57 58
56 58
56 57
56 56
56 55
56 54
56 53
56 52
56 51
57 51
58 51
59 51
60 51
61 51
62 51
63 51
63 50
63 49
63 48
63 47
63 46
64 46
65 46
66 46
67 46
67 45
67 44
67 43
67 42
67 41
67 42
67 43
67 44
67 45
67 46
66 46
65 46
64 46
63 46
64 46
65 46
66 46
67 46
68 46
69 46
68 46
67 46
66 46
65 46
64 46
63 46
63 47
63 48
63 49
63 50
63 51
63 52
63 53
63 54
64 54
65 54
65 55
65 56
66 56
67 56
68 56
69 56
70 56
71 56
72 56
73 56
73 55
73 54
73 53
73 52
73 53
73 54
73 55
73 56
72 56
71 56
70 56
69 56
68 56
67 56
66 56
65 56
66 56
67 56
68 56
69 56
70 56
71 56
72 56
73 56
74 56
75 56
76 56
77 56
78 56
79 56
79 55
79 54
79 53
79 52
79 53
79 54
79 55
79 56
78 56
77 56
76 56
76 55
76 54
76 53
75 53
76 53
76 54
76 55
76 56
77 56
78 56
78 55
78 54
78 53
78 52
78 51
78 50
78 49
78 48
78 47
77 47
77 46
77 45
76 45
76 44
76 43
76 42
76 41
76 40
76 39
76 38
76 37
76 36
75 36
74 36
73 36
73 35
72 35
71 35
71 34
71 33
71 32
70 32
69 32
69 31
69 30
69 29
69 28
69 27
69 26
69 27
70 27
71 27
72 27
71 27
70 27
69 27
69 26
68 26
68 25
68 24
68 23
68 22
68 21
68 20
67 20
66 20
66 19
66 18
66 17
65 17
65 16
64 16
63 16
63 15
63 14
63 13
63 12
64 12
65 12
66 12
67 12
68 12
69 12
70 12
71 12
72 12
72 13
73 13
74 13
75 13
76 13
75 13
74 13
73 13
73 14
73 15
73 16
73 17
74 17
75 17
74 17
73 17
73 16
73 15
73 14
73 13
74 13
75 13
76 13
76 12
76 11
76 10
76 9
76 8
76 7
76 6
77 6
78 6
79 6
79 5
79 4
79 3
79 2
79 3
79 4
79 5
79 6
78 6
77 6
76 6
76 5
76 4
76 3
75 3
76 3
76 4
76 5
76 6
77 6
78 6
79 6
80 6
81 6
82 6
83 6
84 6
85 6
85 7
85 8
85 9
85 10
85 11
86 11
86 12
86 13
86 14
86 15
86 16
86 17
86 16
86 15
87 15
88 15
89 15
89 16
90 16
90 17
90 16
89 16
89 15
88 15
87 15
86 15
86 16
86 17
86 18
86 19
86 20
86 21
86 22
86 23
86 24
86 25
86 26
87 26
88 26
88 25
89 25
90 25
91 25
92 25
92 24
92 23
92 22
92 21
92 22
92 23
92 24
92 25
91 25
90 25
89 25
88 25
88 26
87 26
86 26
86 27
86 28
86 29
85 29
85 30
85 31
85 32
84 32
83 32
83 31
82 31
81 31
81 32
80 32
80 33
79 33
79 34
78 34
77 34
76 34
75 34
74 34
73 34
73 35
73 36
73 37
73 38
73 39
73 40
72 40
72 41
72 42
72 43
73 43
74 43
73 43
72 43
72 42
72 41
72 40
73 40
73 39
73 38
73 37
73 36
73 35
73 34
74 34
75 34
76 34
77 34
78 34
78 33
78 32
78 33
78 34
77 34
76 34
75 34
74 34
73 34
73 35
73 36
74 36
75 36
76 36
76 37
76 38
76 39
76 40
76 41
76 42
76 43
76 44
76 45
77 45
77 46
77 47
78 47
78 48
78 49
78 50
78 51
78 52
78 53
78 54
78 55
78 56
78 57
78 58
78 59
78 60
78 61
78 62
78 63
77 63
76 63
75 63
74 63
73 63
73 64
73 65
73 66
73 67
74 67
75 67
74 67
73 67
73 66
73 65
73 64
73 63
74 63
75 63
76 63
77 63
78 63
79 63
80 63
81 63
81 62
81 61
82 61
83 61
84 61
85 61
85 60
85 59
85 58
85 57
85 56
85 57
85 58
85 59
85 60
85 61
86 61
86 62
86 63
86 64
86 65
86 66
86 67
86 66
86 65
87 65
88 65
89 65
89 66
90 66
90 67
90 66
89 66
89 65
88 65
87 65
86 65
86 66
86 67
86 68
86 69
86 70
86 71
86 72
86 73
86 74
86 75
86 76
87 76
88 76
88 75
89 75
90 75
91 75
92 75
92 74
92 73
92 72
92 71
92 72
92 73
92 74
92 75
91 75
90 75
89 75
88 75
88 76
87 76
86 76
86 77
86 78
86 79
85 79
85 80
85 81
85 82
84 82
83 82
83 81
82 81
81 81
81 82
80 82
80 83
79 83
79 84
78 84
78 85
78 86
77 86
76 86
75 86
76 86
77 86
78 86
79 86
80 86
80 87
81 87
82 87
83 87
84 87
85 87
86 87
86 86
86 87
87 87
87 88
87 89
87 88
87 87
86 87
86 86
86 87
87 87
87 88
87 89
88 89
88 90
88 91
87 91
87 92
87 93
87 92
87 91
88 91
89 91
90 91
91 91
91 92
91 93
91 94
90 94
89 94
90 94
91 94
91 93
91 92
91 91
90 91
89 91
88 91
87 91
87 92
87 93
87 92
87 91
88 91
89 91
90 91
91 91
91 92
92 92
93 92
94 92
94 93
95 93
96 93
96 94
97 94
97 95
97 96
97 95
97 94
96 94
96 93
95 93
95 92
95 91
96 91
97 91
97 90
98 90
98 89
97 89
97 88
96 88
96 87
96 86
96 85
97 85
98 85
98 84
98 83
97 83
97 82
96 82
96 81
96 80
96 79
96 78
96 77
95 77
95 76
95 77
96 77
96 78
96 79
96 80
96 81
96 82
97 82
97 83
98 83
98 84
99 84
98 84
98 83
97 83
97 82
96 82
96 81
96 80
96 79
96 78
96 77
95 77
95 76
95 77
96 77
96 78
96 79
96 80
97 80
98 80
99 80
98 80
97 80
96 80
96 79
96 78
96 77
95 77
95 76
96 76
96 75
96 74
96 73
96 72
96 71
96 70
96 69
96 68
96 67
96 66
97 66
97 65
97 64
97 63
97 62
97 61
97 60
97 59
97 58
97 57
98 57
98 56
98 55
98 54
98 53
98 52
98 51
98 50
98 49
98 48
97 48
97 47
97 46
97 45
97 44
96 44
97 44
97 45
97 46
97 47
97 48
98 48
98 49
98 50
98 51
97 51
98 51
98 50
98 49
98 48
97 48
97 47
97 46
97 45
97 44
96 44
96 43
95 43
94 43
94 42
93 42
92 42
91 42
91 41
90 41
89 41
88 41
88 40
88 39
87 39
87 38
87 37
86 37
86 36
86 37
87 37
87 38
87 39
88 39
88 40
88 41
87 41
87 42
87 43
87 42
87 41
88 41
89 41
90 41
91 41
91 42
91 43
91 44
90 44
89 44
90 44
91 44
91 43
91 42
91 41
90 41
89 41
88 41
87 41
87 42
87 43
87 42
87 41
88 41
89 41
90 41
91 41
91 42
92 42
93 42
94 42
95 42
95 41
96 41
97 41
97 40
98 40
98 39
97 39
97 38
96 38
96 37
96 36
96 35
97 35
98 35
98 34
98 33
97 33
97 32
96 32
96 31
96 30
96 29
96 28
96 27
95 27
95 26
95 27
96 27
96 28
96 29
96 30
96 31
96 32
97 32
97 33
98 33
98 34
99 34
98 34
98 33
97 33
97 32
96 32
96 31
96 30
96 29
96 28
96 27
95 27
95 26
95 27
96 27
96 28
96 29
96 30
97 30
98 30
99 30
98 30
97 30
96 30
96 29
96 28
96 27
95 27
95 26
96 26
96 25
96 24
96 23
96 22
96 21
96 20
96 19
96 18
96 17
96 16
