2 1
3 1
4 1
5 1
6 1
7 1
8 1
9 1
10 1
11 1
12 1
13 1
12 1
11 1
10 1
9 1
8 1
7 1
6 1
6 2
6 3
6 4
6 5
6 6
6 7
6 8
7 8
8 8
9 8
8 8
7 8
6 8
6 7
6 6
6 5
6 4
6 3
6 2
6 1
6 2
6 3
6 4
6 5
6 6
6 7
6 8
6 9
6 10
7 10
8 10
7 10
6 10
6 9
6 8
6 7
6 6
6 5
6 4
6 3
6 2
6 1
6 2
6 3
6 4
7 4
8 4
9 4
10 4
11 4
12 4
13 4
14 4
15 4
15 5
15 6
16 6
17 6
18 6
19 6
20 6
21 6
22 6
23 6
23 5
23 4
23 3
23 2
23 3
23 4
23 5
23 6
22 6
21 6
20 6
19 6
18 6
17 6
16 6
15 6
15 7
15 8
15 9
15 10
15 11
15 12
14 12
13 12
13 13
12 13
11 13
11 14
11 15
11 16
11 17
10 17
10 18
10 19
10 20
10 21
9 21
9 22
9 21
10 21
10 20
10 19
11 19
12 19
12 20
13 20
14 20
15 20
16 20
16 19
16 20
15 20
14 20
13 20
12 20
12 19
11 19
10 19
10 20
10 21
9 21
9 22
9 23
9 24
8 24
8 25
8 26
7 26
6 26
5 26
4 26
3 26
2 26
3 26
4 26
4 27
4 28
4 29
4 30
4 31
4 32
4 33
4 34
4 35
5 35
6 35
6 36
6 37
6 38
6 39
6 40
6 39
6 38
6 37
6 36
6 35
7 35
8 35
9 35
10 35
11 35
12 35
13 35
14 35
15 35
16 35
17 35
17 34
18 34
18 33
18 32
18 31
18 30
18 29
18 30
18 31
18 32
18 33
18 34
17 34
17 35
16 35
16 36
16 37
16 38
16 39
16 40
16 41
16 42
16 43
16 44
16 45
16 46
16 47
15 47
14 47
13 47
12 47
11 47
10 47
9 47
8 47
7 47
6 47
6 48
6 49
5 49
4 49
3 49
2 49
3 49
4 49
5 49
6 49
6 48
6 47
7 47
8 47
9 47
10 47
11 47
12 47
13 47
13 46
14 46
15 46
16 46
17 46
18 46
19 46
18 46
17 46
16 46
15 46
14 46
13 46
14 46
15 46
16 46
17 46
17 45
17 44
17 43
17 42
17 41
17 42
17 43
17 44
17 45
17 46
16 46
15 46
14 46
13 46
13 47
13 48
14 48
15 48
16 48
17 48
18 48
19 48
20 48
21 48
22 48
23 48
24 48
25 48
25 47
25 46
25 45
26 45
27 45
27 46
27 45
26 45
26 44
26 43
26 42
26 41
26 40
26 39
26 38
26 37
26 36
25 36
24 36
23 36
23 35
23 34
24 34
25 34
26 34
27 34
28 34
28 33
28 32
28 33
28 34
27 34
26 34
25 34
24 34
23 34
23 35
23 36
23 37
23 38
23 39
23 40
22 40
22 41
22 42
22 43
23 43
24 43
23 43
22 43
22 42
22 41
22 40
23 40
23 39
23 38
23 37
23 36
23 35
23 34
22 34
21 34
21 33
21 32
20 32
19 32
19 31
19 30
19 29
19 28
19 27
19 26
19 27
20 27
21 27
22 27
21 27
20 27
19 27
19 26
18 26
18 25
18 24
18 23
18 22
18 21
18 20
17 20
16 20
16 19
16 18
16 17
15 17
15 16
14 16
13 16
13 15
13 14
13 13
13 12
14 12
15 12
16 12
17 12
18 12
19 12
20 12
21 12
22 12
22 13
23 13
24 13
25 13
26 13
25 13
24 13
23 13
23 14
23 15
23 16
23 17
24 17
25 17
24 17
23 17
23 16
23 15
23 14
23 13
24 13
25 13
26 13
26 12
26 11
26 10
26 9
26 8
26 7
26 6
26 5
26 4
26 3
25 3
26 3
26 4
26 5
26 6
27 6
28 6
29 6
29 5
29 4
29 3
29 2
29 3
29 4
29 5
29 6
28 6
27 6
26 6
27 6
28 6
29 6
30 6
31 6
32 6
33 6
34 6
35 6
35 7
35 8
35 9
35 10
35 11
36 11
36 12
36 13
36 14
36 15
36 16
36 17
36 16
36 15
37 15
38 15
39 15
39 16
40 16
40 17
40 16
39 16
39 15
38 15
37 15
36 15
36 16
36 17
36 18
36 19
36 20
36 21
36 22
36 23
36 24
36 25
36 26
37 26
38 26
38 25
39 25
40 25
41 25
42 25
42 24
42 23
42 22
42 21
42 22
42 23
42 24
42 25
41 25
40 25
39 25
38 25
38 26
37 26
36 26
36 27
36 28
36 29
35 29
35 30
35 31
35 32
34 32
33 32
33 31
32 31
31 31
31 32
30 32
30 33
29 33
29 34
28 34
28 35
28 36
27 36
26 36
25 36
26 36
27 36
28 36
29 36
30 36
30 37
31 37
32 37
33 37
34 37
35 37
36 37
36 36
36 37
37 37
37 38
37 39
37 38
37 37
36 37
36 36
36 37
37 37
37 38
37 39
38 39
38 40
38 41
37 41
37 42
37 43
37 42
37 41
38 41
39 41
40 41
41 41
41 42
41 43
41 44
40 44
39 44
40 44
41 44
41 43
41 42
41 41
40 41
39 41
38 41
37 41
37 42
37 43
37 42
37 41
38 41
39 41
40 41
41 41
41 42
42 42
43 42
44 42
44 43
45 43
46 43
46 44
47 44
47 45
47 46
47 45
47 44
46 44
46 43
45 43
45 42
45 41
46 41
47 41
47 40
48 40
48 39
47 39
47 38
46 38
46 37
46 36
46 35
47 35
48 35
48 34
48 33
47 33
47 32
46 32
46 31
46 30
46 29
46 28
46 27
45 27
45 26
45 27
46 27
46 28
46 29
46 30
47 30
48 30
49 30
48 30
47 30
46 30
46 29
46 28
46 27
45 27
45 26
45 27
46 27
46 28
46 29
46 30
46 31
46 32
47 32
47 33
48 33
48 34
49 34
48 34
48 33
47 33
47 32
46 32
46 31
46 30
46 29
46 28
46 27
45 27
45 26
46 26
46 25
46 24
46 23
46 22
46 21
46 20
46 19
46 18
46 17
46 16
