41 1
40 1
39 1
38 1
37 1
37 2
36 2
35 2
35 1
34 1
33 1
32 1
32 2
32 3
33 3
33 4
33 5
33 6
33 7
34 7
35 7
35 8
35 9
35 10
34 10
33 10
33 9
32 9
31 9
30 9
29 9
29 8
29 7
29 6
29 5
28 5
27 5
27 6
27 7
27 8
27 9
26 9
25 9
25 8
25 7
25 6
25 5
24 5
23 5
23 6
22 6
21 6
21 7
20 7
19 7
19 6
19 5
19 4
19 3
20 3
21 3
22 3
23 3
23 2
23 1
22 1
21 1
20 1
19 1
18 1
17 1
16 1
15 1
15 2
15 3
15 4
15 5
15 6
15 7
14 7
13 7
12 7
11 7
11 6
11 5
11 4
11 3
11 2
11 1
10 1
9 1
8 1
7 1
6 1
5 1
6 1
7 1
6 1
5 1
5 2
5 3
6 3
7 3
7 4
7 5
8 5
9 5
9 6
9 5
8 5
7 5
7 4
7 3
6 3
5 3
6 3
7 3
7 4
7 5
8 5
9 5
9 6
9 5
8 5
7 5
7 4
7 3
6 3
5 3
6 3
7 3
7 4
7 5
8 5
9 5
9 6
9 7
9 8
9 9
9 10
9 11
10 11
10 12
10 11
9 11
9 10
9 9
9 8
9 9
9 10
9 11
10 11
10 12
10 11
9 11
9 10
9 9
9 8
9 9
9 10
9 11
10 11
10 12
10 11
9 11
9 10
9 9
9 8
9 9
9 10
9 11
10 11
10 12
10 11
9 11
9 10
9 9
9 8
9 7
9 6
9 5
8 5
7 5
7 4
7 3
6 3
5 3
6 3
7 3
7 4
7 5
8 5
9 5
9 6
9 5
8 5
7 5
7 4
7 3
6 3
5 3
6 3
7 3
7 4
7 5
8 5
9 5
9 6
9 5
8 5
7 5
7 4
7 3
6 3
5 3
5 2
5 1
6 1
7 1
6 1
5 1
6 1
7 1
6 1
5 1
6 1
7 1
6 1
5 1
6 1
7 1
6 1
5 1
6 1
7 1
8 1
9 1
10 1
11 1
11 2
11 3
